78,16,15,84,89,39
84,11,14,80,27,50,23
85,11,57,41,84,100,9,100,20,12
43,9,49,29,33,26,16
25,88,3,49,100,68,96,78,17
69,97,50,41,63,90,26,43,20
86,87,47,82,57
51,14,58,95,89
83,68,21,24,88,55
86,23,13,22,84,16,71,18,49
61,20,80,30,26,61,75,9,22
98,17,6,5,63
2,27,43,56,27,85
79,79,82,34,56,53
59,65,51,95,56,45,5,61,42,82
80,40,89,15,58,49
60,21,50,19,16,20,66,36,62,31
58,74,52,66,11,98,41,25,7,13
79,90,8,41,4
45,10,80,72,60,40,100,62,44,75
78,30,97,58,59
50,59,45,30,7,8,65,58
32,47,23,41,19
16,10,72,84,45,7,58,42
66,62,83,86,88
15,56,25,98,53,62
55,30,15,21,51
88,9,11,99,4,34,98,42,60,78
66,16,84,52,22,1,25,52,23,99
47,73,93,77,66,89,36,2,4,90
72,73,86,50,54,68,15
26,90,72,39,33,73
56,50,45,48,17,47
17,80,95,41,3
85,78,63,76,3,74,99
37,55,54,78,5,71,8,82,32,62
93,15,40,52,99,65,46,9,29,84
71,78,89,8,90,72,46,15,41,51
26,19,14,4,60,2,72,52,38
71,78,7,59,57,98
8,58,58,98,98,19,79,59,55,35
16,7,10,54,73,35,53,27,91
88,86,52,60,83,39
78,92,64,58,78,6,94,22,91
1,43,80,71,66
6,7,51,59,25,47,4,40,78
84,58,97,42,88,48,90,47,88
47,17,95,46,44,9,96,6,95
1,35,47,44,21,8,89,2,91,33
73,81,22,16,7,42,23
25,75,5,58,80
58,34,78,43,36
55,95,79,3,74,47,37
65,11,42,42,44,46,68,24
39,7,63,16,19,29,47,59
18,6,74,25,96
88,18,44,74,16,39
84,49,95,81,17,60,37
7,7,27,89,73,65,69
44,55,27,92,44
98,30,57,8,75,49
44,79,3,45,56,45,62
38,46,100,70,54,54
29,88,93,93,5,46,34,98,20
25,27,59,58,82,47,98,20,48
58,5,47,32,39,13,15,97
46,41,4,63,71,40
38,97,32,13,44
42,28,66,44,99,24,53,65
47,65,23,43,71,92,62
29,96,46,19,55,42,47,26
43,62,27,32,14,12,77,65
37,46,77,35,10,90,61,3,53,86
67,58,11,57,12,77
79,41,27,53,36,17
90,80,31,58,81,95,84,65,45
88,73,44,70,60,28
23,56,43,13,15,38,71
67,25,46,85,25,70,78,49,7,34
46,99,42,44,68,71,14,78
43,96,22,90,10,11,82,80,94
98,11,55,87,27,41
71,71,24,62,98,14
100,21,99,59,81
31,94,37,69,25
11,62,74,91,25
22,75,64,46,9,6
18,5,61,9,21,66,37,96,22,69
59,29,52,86,30,78
72,53,53,16,63,14
56,28,84,45,24
69,62,20,80,22,15,33,64
88,87,26,18,55
76,70,80,82,90,89,27,96,40
50,5,39,34,94,80
50,61,32,67,28,7,76,74,12
48,39,88,32,32,52,81,58
69,74,12,69,90,99
37,15,65,58,33
86,54,89,64,85,97,67,95
16,19,76,12,94,13,24,52,12,70
46,10,76,83,70,17,33,33,77
10,52,68,42,56,34
37,99,98,78,46,7,54,58
92,61,66,91,75,52,21,97,30
75,59,2,28,89,50,30,69,55,91
27,64,55,49,73,39,41,84,15
74,56,13,90,89,98,51,7,75
72,21,75,49,57
68,96,17,2,78,10,31,86
83,37,27,42,46,3,67,60,13
97,99,66,31,43,11,1
31,1,64,26,61,48,93,100,82,48
13,26,59,73,58,27,49,16,90,67
39,42,10,41,80,6,72
63,26,30,49,32,13,71,23,40
35,21,59,77,50
23,85,47,94,37,38,55,32
55,46,67,44,82,19,27,92
73,49,80,94,78,100,61,68,6,36
90,29,57,49,86,49,66,32,67
78,18,59,41,67
32,79,83,63,75,52,92
62,12,4,64,40,11
44,5,31,73,92
29,51,75,29,24,98,51,30,59
53,90,15,32,3
40,33,49,31,21,92
98,1,89,70,6,21,39,52,31,26
23,33,54,27,37
18,50,85,58,23,85,35,83
56,70,66,47,4,66,20,18,13
93,16,56,15,63,71,45,69,26
29,73,60,16,32
75,95,20,85,10,18
9,55,98,23,26,36
88,12,52,38,75
98,1,59,17,75
24,92,71,37,7
21,80,93,32,18,68,82
45,68,83,38,90
86,53,6,61,19,30,53,95
26,71,52,3,30
78,87,84,22,1,36,57,87
51,46,43,46,96,19,90,34,32
92,41,39,90,58,32,100
90,48,21,6,52,5,76
68,86,78,79,66,25
44,49,30,5,46,85,97,81,24
22,11,11,57,98,45,58
14,80,29,58,32,44,96
92,38,46,100,42,37,19,30,53
66,100,71,66,50,92,12,65,64,82
72,72,70,82,69
40,25,64,98,91,39
52,81,38,8,30,20,100,32,13,47
39,28,9,98,82,77,56,19,53,47
77,46,22,57,7,38,77,59,60,92
13,76,18,67,44,58,28
7,30,54,15,82,48,75,40,2,8
78,79,77,16,35,20
81,27,63,70,4
5,7,47,79,95,60
48,44,18,42,46,27,43,71,87,33
17,27,81,99,32
44,66,75,89,1,21,70,76,36
66,73,32,40,22,57,20,15
95,87,16,97,55,73,14,19
41,94,59,6,82
45,92,66,96,39,2
27,61,69,4,30,30,37
89,12,65,57,60,32
6,72,76,21,42
70,16,32,55,98,89,72
20,28,66,84,8,60,15,46,15,58
9,17,92,21,47
39,83,94,62,46
4,34,82,67,72,15,12,48,43,1
17,13,41,55,50,82,76,31
20,66,34,30,23,84,39,30,17
5,66,60,34,32,6,94,16,1
97,7,13,53,30,57
5,70,86,91,92,77,44,36,10
19,15,2,25,18,53,15,62,28
90,60,17,22,65,47
47,65,90,60,100,33,58,23,48
96,26,72,38,93
57,63,90,72,76,70
30,72,13,76,11,36,96,9
99,47,88,13,72,74,58,31,95,9
3,10,82,28,44,66,94
9,55,78,54,77,57,82,40,61,56
8,34,73,70,10
29,58,90,8,29
87,80,28,61,35,7
57,72,57,31,57,17,98
43,36,21,82,54,99
99,23,66,65,69,56,60,89,21
6,69,4,77,97,15,56,4
83,73,97,21,49
80,95,86,19,65,6,60,31
59,72,84,96,24,37,59
8,42,12,5,26,34,11,61,68
89,75,20,92,65,42,95
60,87,57,2,17,78,39
71,20,90,41,44,86,10,49,61,91
78,79,90,78,27,85,66
60,41,27,9,81,5,84,65
65,33,96,74,61,3,48,7
67,14,86,20,30,43,94,32
18,14,77,93,43,92,77,74,89,60
92,52,79,48,51,34,81,80,2,2
18,10,10,47,79,21,59,97,48
50,26,47,35,59,41,12,68
24,29,53,38,84,81,85
86,44,76,91,45
60,39,19,78,37,82,13,79,85,48
51,27,42,46,28,95
43,5,36,30,88,82,32,89,62,20
90,69,59,79,19,61,50
73,91,89,24,28,89,62,89,97
21,100,1,79,72,68,23,70,19
93,17,25,79,43,18,4
71,72,23,78,49,94
82,81,67,28,59,66,81,3
60,82,33,45,4
23,15,72,65,3,39,3,72,92
1,4,93,73,36,71,68,87,74
69,65,65,76,18,58,86,85
59,17,7,60,46,95
97,41,34,30,81,10,69,84,100,36
96,83,30,88,75
82,15,30,3,99,8
21,26,43,61,60
46,94,56,4,24,35,2,83
79,30,92,90,37
19,94,38,91,17
21,72,82,37,65
52,26,77,93,90,28
34,43,78,83,44
28,76,12,11,81,78,83
41,74,34,91,10,43,40,95,73,48
76,44,3,85,72,14,92,56,80,95
56,46,87,48,52,90
10,67,79,24,37,56,41
65,53,19,2,26,35,29,40
80,73,5,33,48,69,24
50,36,77,11,4,1,75,62
27,8,17,99,21
44,69,11,52,66
23,93,73,64,51,98,57,34
67,56,61,10,49,99
23,73,66,33,98,67,67
38,74,32,69,21,80,84,13
52,32,42,69,75,3
92,6,41,87,79,17
4,50,55,28,40,52,43
84,91,27,5,81,14,42
79,8,97,30,15
75,91,13,78,90,63
58,22,13,74,70,83
9,34,77,100,96,60,93,18
86,42,6,76,26,83,66
30,24,70,66,79,46,72,26,64
73,5,20,32,8
68,35,48,31,97,90,89,80
36,52,37,8,94,51
44,50,38,11,78,63,78,93,34
50,60,82,18,24,27,56
59,31,75,75,4,74,36,7,11,11
69,92,66,90,28,11
53,25,82,35,75,28
74,96,30,48,28,51,7
42,85,79,54,8,99,32,30,94
87,95,22,58,2,60,34,46
23,72,4,100,13,50,16,96,47,72
55,55,2,46,17
57,52,49,90,61,88,66,75,80
33,1,18,12,59,14,50,31,61
48,1,40,86,59,31,67
52,100,77,16,8
39,81,37,29,66,26,80,84,82,77
68,12,67,78,4,38,23
99,72,92,41,2,45,21
73,62,77,4,2,76
13,17,48,30,47,8,47,17,24
91,52,67,27,60,97,48,87,28
10,40,98,51,20,39
44,56,57,55,60
53,48,57,30,36,23,56,54,82,52
64,4,24,93,34,23,96,25,32,84
74,6,52,25,50,74,53,87,88,94
48,96,22,55,24,83,94,33
27,62,10,100,34,25,83
81,56,39,84,79,38,45
65,68,25,26,26,71,39,61,21,34
30,96,4,7,79,39,17,84
34,81,18,93,51,26,97,4,72,74
70,42,52,7,43,29,39,29,69,74
75,37,76,52,83,14,94,40
41,13,40,76,76,53,68,48
1,97,94,40,96,32,45,59,73,8
31,30,18,85,24
68,87,26,29,6,19,27,59
36,68,18,59,18,35,91,79,6
90,73,64,39,57,58,48,54,98,76
97,45,77,8,92
96,75,42,27,42,86,50,17,84,35
36,31,82,4,92,34,31,36,82
92,27,74,29,5,37
89,31,47,17,49,17,27
9,27,98,36,42,18,13,73,57,62
87,93,96,4,68,95,26,65,37
11,82,46,43,44,6
64,87,82,87,7,38,91
71,37,48,17,31,95,94
83,13,68,50,6
89,62,56,5,92,48,24
51,52,81,13,36,79,59,89,68
75,85,86,98,86,65,56,10,81
45,63,33,97,85,63,72,16,38
37,26,55,1,96,43,7,4,58,87
6,47,86,10,50,11,9,3,80
76,87,68,89,91,38,41,31,15,77
15,13,72,22,24,34,24
95,3,1,29,95
27,91,34,98,59,64,31,45
60,99,64,15,14,38,8,90,95,86
82,70,23,45,1,42,99,90
88,36,5,72,45
49,55,30,8,47,85,44,85,61
2,8,59,84,85
14,84,26,88,93,78,61
7,49,100,62,2,36,10,24
10,56,81,47,49
55,55,70,7,20
46,22,24,63,3,51,69
91,97,5,86,19,15,24,3,87,97
19,16,62,70,10
28,66,48,98,12,45,76
46,83,1,35,49,13
12,58,19,8,83,94,22
72,32,94,11,25,34,64,23,18
13,38,29,67,19,73,71,61
62,15,7,46,57
34,3,14,46,24,86,88,45
85,29,60,16,91,12,56,38,5,20
94,5,30,92,3,99,58,30,15
21,75,59,74,24,45,20
76,74,44,41,80,69,42,35
42,47,13,50,11,8
89,41,33,83,48,51
44,50,47,91,84,68,71,32,67,64
98,72,11,68,21,6,83
47,34,13,46,72,43,39,4,13
34,14,40,87,1
10,15,41,64,37,91
30,79,10,25,35,15,41,74,99
19,30,14,97,53,64,18
65,33,40,11,45,71
16,83,6,13,98
40,19,68,3,60,78,56
20,11,65,96,21,14,85,93,89
89,16,10,82,66,96,90
68,83,16,9,36,75
96,74,28,46,62,76,90
29,16,75,98,58
53,15,21,76,77,86
56,12,79,51,3,1,5,8,77
25,87,98,56,65,70,52,23
79,12,62,85,100,23,64,2,24,24
49,40,49,62,24,13,81,29,45
79,77,40,96,58,40,91,83,35
70,79,67,66,21,48,75,66,48,13
97,52,25,63,99,9,28,83,24,54
36,27,95,41,3,36,93,64,19,34
44,30,66,54,83,36,69
25,71,89,91,15,37,50
29,61,78,41,74,26,13,64
36,96,72,84,7,52,91
23,5,35,84,24,29,56,31,57,70
85,71,82,38,1,69
19,46,67,9,24,75
8,99,78,74,11,64,51,19,75,54
34,57,58,60,22,12
93,11,24,24,83,69
86,82,18,36,61,1,47
1,90,83,68,33,60,92,99,55,5
96,33,20,100,38,11,37,21
27,32,60,70,17,46,52,37
73,92,78,44,74
57,14,50,18,74,46,50,76,57,5
53,3,85,39,20,40,31
85,22,26,79,78
7,22,64,4,1,3,39
53,25,76,46,65,15,6,21,62
53,35,48,12,52,95
7,64,70,79,50,48,61,22,12
13,96,52,96,49,12,92,43,68
60,71,46,32,28,64
99,73,78,36,85,11,40,31
86,2,16,56,4,80,47,50,99
24,27,3,78,94,14,78,95,52
33,48,53,93,24,2,59,23
45,21,55,35,77
40,67,13,27,96,17,81,6,23
59,6,82,15,51,2
87,34,39,25,72
49,52,13,42,29,28,13,22,35,33
57,12,17,76,28,10
87,41,11,20,27,95,88,79
20,53,52,58,46,12,47,93,33,75
26,67,41,51,24,49,72,84
46,85,14,56,33
95,98,88,66,45,46,47
70,45,55,62,43
72,17,5,31,28,32
80,10,90,62,20,79,60
88,53,71,74,93,92,83,74
62,51,84,53,71,7
45,46,90,13,35,58,61,34
4,91,51,56,56,70,8,91
35,38,70,78,66,59,42
41,24,69,15,50
33,69,40,58,61,52,48
79,69,93,9,40,77
87,51,66,56,83,29
62,89,6,20,53
43,76,84,61,82,94,55,12,57
46,86,32,36,68,52,11,12
89,2,31,100,56,19,73,15,84,68
54,26,35,14,57,32,13
54,81,3,82,19,60,20,80
42,46,82,60,4,68,3,38,23,7
78,30,94,74,7,61,58
87,41,29,7,53,15,59,37,84,59
1,76,79,47,22
47,16,12,45,16,4,39,71
92,2,29,66,94,95,9,25
73,65,55,17,89
44,53,15,1,30,65,86,94,24,81
99,84,94,96,48,40,66,91,49,87
70,91,34,83,16,8,64,71,83,4
4,65,10,80,1,46,19
2,28,26,8,40,15,19,74,52,37
5,57,14,78,32,88,55,54,72
65,85,13,35,1,50
3,54,46,55,5,53,50,9
91,50,5,51,89,23,20,99,21
41,82,37,96,46,60
33,35,34,58,40,10,34
7,8,82,55,94,94
69,55,51,22,37,67
59,49,23,57,1,95,44,25,74
24,11,53,96,97
96,28,72,62,16,81,80,30
27,38,33,40,48,51,15,43
66,64,83,10,79
85,90,87,91,45,12,54,69,8,27
77,35,76,83,48,97,97
86,92,43,19,42,66,33
85,92,65,9,55,37
78,28,38,15,76,74,39,74
9,57,54,57,51,66,23
60,36,67,93,40,9,55,3,3
95,6,66,73,27,78
69,20,17,82,45,18,49,67,51
63,63,31,84,81
39,62,1,27,63,75
17,38,7,56,20,85,74
24,12,16,82,63
52,39,71,4,98,38,68
4,93,27,92,90,28,13,77
3,60,33,97,96,50,31,17,21,36
36,89,53,61,7,78,63
10,28,53,40,95,20,24,20,75,30
21,91,33,15,99
71,73,74,51,76,50
7,62,90,36,4,75,30,53
50,25,14,81,25,100,76,99,39
19,74,62,27,65,54
77,13,87,55,87,18,19,40,24,29
98,41,30,70,84,37,88,58,73
91,86,20,74,51,95,96,36,97,68
90,51,7,35,10,40,49,47,49,35
63,33,58,71,36,83,69,18,91,60
83,59,68,82,27,41,48
81,26,63,51,14,73,23,49,37
32,21,70,43,32,58,27,11,43
91,38,83,40,41,12
100,39,68,30,41,99
50,56,56,62,32,85,25,87
86,86,63,19,8,87,93,57
94,24,76,67,47,30,98
18,4,7,15,82,82,95,89,93,71
50,53,84,3,24
82,86,93,27,59,54,33,20
80,64,86,34,12,23,9,92,47
100,11,92,66,71,68
2,9,96,83,43,71,5,94,75
87,9,82,27,36,93,51,15
37,3,59,73,75,94,91,13,3,59
68,32,9,2,76,10,25,1,73
5,19,22,93,93,55
32,66,24,52,10,55
17,81,25,19,68,91
58,67,80,38,67,91,32
54,6,21,13,10,22,32,28,11
94,35,70,26,85,32,9,28
7,95,90,46,2,38
31,92,82,19,92,39
62,15,2,51,83,10,26
41,32,69,53,94,44,58,98,93
85,99,71,35,89,83,12,21,25
91,32,28,69,2,61,20
17,50,85,80,12,4,11
28,85,73,1,38,55,19,22
20,15,6,24,69,63,20,27,72,24
27,23,46,68,4,87,96,30
53,33,65,2,20,73,31,57,69
9,76,45,31,68,62,44,18,1
54,74,18,22,86,20,48,86,75,51
31,82,84,51,6,72
56,34,59,96,13
22,18,94,36,7,98,66,94,85,95
45,45,80,20,63
66,87,58,52,19,11,65,58
75,77,74,2,74,83,60,53
95,5,96,89,22,10,44,1,64,64
25,51,76,92,36,82,98,14,47
84,82,52,85,49,40,51
71,86,69,17,3,66
61,36,88,93,79,12,40
93,15,2,53,92,82,28,44,95,64
45,94,53,86,76
92,39,89,88,11,75,46
66,62,22,70,62,93
77,3,70,21,30
70,61,96,79,67,15,63
30,60,12,64,29,59,1
9,87,1,7,68
85,29,6,8,21,26
71,17,67,69,63,26,42,62
40,35,13,95,54,91,47,91,67
69,50,71,33,27,78,44,74,13,40
83,33,46,80,78,88,35,10,16
90,12,58,70,73,76,98,57,8
58,9,11,86,21,87,35
10,30,51,95,51,6,88
85,46,20,31,44,56,83,26
83,79,57,77,72,97
79,74,32,74,34,7,43,95,42
72,15,74,49,19,36,24,31
53,98,13,17,40
10,13,65,65,78,6
74,8,49,12,93
65,37,72,39,56,69
56,76,7,57,38,79
3,40,38,51,83,88,6
69,24,56,9,58,18,99,25,95,60
85,74,95,99,72,6,6,59,65
98,54,18,63,52,39,35,71
33,57,52,2,100
38,13,70,71,51,30,40,91,50
15,12,85,25,52,64
2,22,85,69,87,83,55,27,53,50
64,16,31,28,15,68,39
39,96,16,65,98
24,27,75,69,8,88
47,88,89,30,90,4
38,92,46,36,54,39
8,36,81,50,22,52,88
35,4,72,83,92,2,54,53,1,60
1,9,31,6,98
57,25,29,30,10,66,2
1,8,49,4,79,30,50,54,98,44
45,16,64,15,25,57,17,22
79,1,70,18,8,2,1,7,22,40
43,5,43,69,45,73,4,25
38,34,5,93,48,48,34,32
58,45,44,22,64,30,50,61,14,38
59,98,54,13,6,16
57,80,3,15,73,82,83
43,47,98,5,36,80,13,14
76,64,2,77,20,36,79,35,76,39
70,30,93,15,59,3,24
53,45,16,68,58,12,35,48,68
9,52,79,57,18,53
28,52,13,11,40,88,58,31
27,96,5,30,77,73,52
11,71,25,64,69,98,95,80,95
68,6,82,52,2,39,82
85,9,69,54,19,39,64,89,94
76,33,11,32,62,21
16,43,19,76,35,49,7
22,34,89,37,41,92
47,85,93,88,32,23,98,80,86,57
61,29,57,6,25,91,51
48,99,55,85,77,69
94,100,36,43,54,75,68
92,97,15,83,50,60,82
59,35,70,34,75,73,47,59,85
86,59,79,13,1,48
4,96,54,61,93,19,56
69,31,98,38,98,81,4,66
91,74,7,38,99,63,65
30,97,45,81,22,11,88
34,93,29,75,99,5,70,96,1
80,95,70,99,39,65,83
99,43,42,50,7
30,90,52,67,27,71,2
97,38,12,41,62,80,22,53,96
37,81,37,98,86,14,57,98
28,30,99,100,75,47,20,21,28,4
98,14,64,42,10,16,7,66
94,32,5,100,32
26,82,84,17,22,34,52,82,19,13
23,73,25,71,6,72
100,55,46,53,17,24
44,3,22,12,70,36,91
87,37,50,50,41,66,69,39,63,20
98,82,35,89,30,19,96
61,12,100,86,24,91,2,17
99,55,18,17,88
81,26,51,47,65
15,40,73,53,72
22,27,74,88,9,42,53
14,6,5,57,23,74
76,94,76,12,29,7,49,80,72,9
96,10,31,58,81,82,51,57
1,3,31,71,86,60,5
22,32,75,2,63,83,9
36,23,52,44,5,42
32,77,86,68,23,68
82,86,32,33,38,48,70,64
79,77,61,96,81,62
63,29,67,60,15,88,100,28
37,90,56,96,5,72,60
4,31,61,44,59,95,39
12,60,98,54,58,57
31,100,48,88,91
34,33,61,28,27,97
65,93,34,26,78,50,76
99,52,61,26,82
26,38,8,43,84,58
10,55,68,97,10
54,42,23,51,68,58,25
13,82,28,79,2,62,35,75
64,74,98,11,52,22,44,82,49,62
70,93,19,11,77,18,49,95,7,37
10,12,78,23,39,23
93,40,26,87,26,5,79,22,19,89
14,5,76,94,28,33,29
76,60,32,99,32,21,67,87,79
34,89,14,84,83,26,70,28,85
79,42,82,48,4
26,21,35,70,69,41,66
15,57,74,96,68
57,48,34,67,20
19,87,58,17,52,44,6
10,33,67,1,2
6,16,32,53,41,93,29
10,66,26,21,14,46,9
10,57,55,95,57,87,61,69
94,31,87,36,78,48,62,99
65,10,20,53,78,90,89,84,57,63
25,89,94,93,1
20,77,13,91,44
60,13,20,44,10,44
80,64,94,10,96,33,92,6,76
79,89,62,65,76,58,98,36,23,65
59,86,23,96,35,27,73,33,1,71
36,90,30,32,22,56,23
89,39,31,85,26,82,23,25,100
2,70,62,65,11
54,9,72,100,57
4,95,66,6,33,85,7,4,13,19
80,32,48,10,35,90,46
20,99,43,60,73,49,56,72,22
37,20,2,78,49,49,40,21,31
48,9,88,92,82,81,81,75
86,86,20,46,40,46,14,82,47
34,25,15,86,68,18
55,14,85,99,67,44,24,93,31,94
53,81,45,46,56,67,92,80,84
15,4,5,76,67,34,31,3,82
78,18,56,94,83,13,6,35,13
79,80,36,59,40,11,2,79,30,24
12,73,46,85,33,33,21,66,73
1,87,23,18,32,15,85,45,61,24
96,43,23,80,57
52,92,56,54,98,71,96,46
54,78,15,99,86,11,47,99
83,38,65,11,31,35,100
95,59,100,41,88,40
79,21,68,23,43,12,39,50,67
32,63,95,19,73,60,46,48,71,38
10,11,71,75,94,20,72,90,41
92,35,81,46,72
65,43,66,65,12,5,6,31,85,91
51,39,20,71,100,71,6
88,68,82,22,62,17,54
13,87,10,99,22,74,43,11,1
78,11,75,89,23,99,16,34,37
78,54,7,49,19,94,76
19,4,66,96,11,36,93
5,55,46,47,78,75,4,19
40,12,52,59,34,96,28,36,23
79,57,16,88,81,63,73,85
31,96,56,42,3,48
53,66,84,86,15
27,78,73,4,78
54,53,81,26,89,33,48,17,8,31
98,68,15,96,44,37
40,17,44,20,57,69
26,17,73,69,26,14,49,24,31,79
92,30,31,67,68,41,59
33,45,95,21,66,51,4,71
73,45,18,51,63,66
23,47,8,53,88,35,34,34,32,79
24,74,72,64,10,19,26,62
43,89,74,30,7,82,19
54,47,79,87,78,9,48,82,40,22
84,25,25,29,87
9,47,59,55,91,94,36
38,99,48,25,57
23,47,50,47,66,91,64
95,46,40,69,68
65,15,28,81,3
87,75,34,97,77
87,68,9,46,67,82,96,52,56,68
87,48,22,72,47
95,100,96,3,69,2,42,44,64,73
59,89,35,97,80,85
96,45,14,55,49
15,93,32,24,25,38,48
69,32,79,44,47
19,97,4,94,1
26,32,3,85,13,28,11,6,33
92,4,37,71,94,8,70,43,3,87
2,50,70,31,19,23,25,82,79
29,83,96,34,80,52
41,74,33,91,70,64,27,95,36
18,78,4,77,91,100,6,83
40,96,49,99,23,80,21
92,15,8,49,3,80
1,91,44,99,87,26,100,6,37,38
57,30,21,36,53
7,15,5,97,41,8,54,57,42,4
66,37,5,97,94,74
26,94,48,98,67,36,71,6,29,88
63,22,60,76,83,98
37,84,98,39,22,17,36,58,68,34
25,53,78,7,19,5,57
16,66,15,64,29,30,72,68,35,92
9,51,73,17,50,34,16,75,9
82,91,31,87,11,93,44,57,57,52
35,95,85,98,29,88,92
97,8,30,1,1,65,59,66
99,86,74,49,6,85
80,36,54,97,36,10,97
67,98,11,57,51
91,90,1,23,8
95,54,82,4,96,98,38,92,12
1,72,38,58,57,8,81,34,2,50
96,43,20,55,50,17
61,42,27,94,18,50,57,61
67,61,9,49,53,14,43,48,2
80,62,67,15,32,74,2
65,86,53,42,34,51,17,93,44,1
23,7,24,76,31,98,74,97,57,57
66,41,12,76,81,16,78,75
99,4,36,41,91
88,29,68,81,46,62,4,34
6,6,97,48,86
28,15,43,45,46,84,9,36,3
56,18,77,65,68,80,7,88
35,49,13,40,11,53
28,21,88,87,14,36
76,95,68,55,100,81,40,51,99
43,85,1,64,72,41,47,81
16,63,67,68,3,96
8,23,58,89,76,53,68,92,15
18,20,46,47,23
69,100,69,31,3,98,23,78,63,41
45,100,64,20,89,7,21
12,89,24,68,11
65,17,38,3,4
60,40,65,35,54,34,65
97,26,51,79,95,17,9,74,33,62
54,72,81,44,93,31,73,51,95
74,35,82,97,99
1,57,35,73,96,72,73,24
26,6,43,75,60
79,4,58,58,40,99,15
77,96,75,98,10
29,80,55,42,7,8,95,100,12
58,61,20,40,55,36
40,91,51,86,36,64,1
86,23,53,65,65,40,66
67,5,87,65,74,32,88,34
10,74,90,73,38,89,32
32,27,84,24,17,18,73,88,20,88
65,71,50,43,92,83
44,53,7,8,7,30,46
49,44,64,46,73
69,96,69,99,96,43
51,77,62,74,69,56,21
9,58,79,7,17,45,85
31,74,70,16,75,93,48,40,38,38
73,70,94,19,76
97,55,30,55,30,42,13,25
35,75,66,74,83
12,5,79,47,47,6,81,68,84
3,73,68,92,43,31,73,26
51,96,38,87,23,85,41,99,5
20,50,59,11,76
84,6,39,39,44,51,94,27,13
66,21,15,60,33,48,18,47
88,66,39,89,5,70
56,8,92,18,2,9,10
90,56,60,77,21,37,84,74
1,72,9,42,64,86,52
73,70,87,53,68,59,55,86,9,41
91,64,20,75,62,87,88,67
58,3,23,89,89,26,89,55,37,42
83,84,75,51,23,63
47,58,82,99,82,88,97,62
31,73,3,72,80,45
93,45,79,30,43,84,77,54,85
7,21,21,75,92,54,38
39,39,89,82,25,61,40,48
58,97,67,18,99,70,11,31,23,6
45,9,16,44,6,30
80,45,38,38,34,21,49,84
48,87,77,25,69,72,20,80,94,84
45,62,21,18,16
42,29,79,84,16
5,33,96,93,87,26,31
34,86,45,39,55,6,61,45
15,25,39,94,88,51,65,41,62
56,30,26,92,59,45,70
27,57,27,47,73,75
87,51,4,41,7,92,50,70,17
98,99,36,18,40,57
92,10,64,35,40,67,23,9,94
55,85,19,36,99,65,24,32,45
100,25,98,36,81
59,47,45,30,6,19
84,87,80,91,11,59
28,79,61,74,87,17,78,70,46
73,62,75,34,57,19,24
29,25,56,57,100,38,49,82,90
3,60,35,15,47,69,10,37
86,93,8,90,56
37,73,97,20,1,4,30,62,54
30,81,99,64,77,60,52,68,54,29
58,56,48,33,85
17,31,52,87,82,50,9,60
84,73,93,76,42,25
87,25,32,19,34,18
33,10,99,87,7,97
36,80,96,85,75
37,99,97,99,92,21,35,90,62
48,88,84,79,23,19
94,69,70,38,77,37,55,19,76,17
99,50,3,84,54,70,32,100,90
79,33,45,43,35,4,80,69
63,63,31,78,38,33,61,66,33,91
40,91,81,82,38,92,68,59,81,22
79,62,8,25,97,26
16,88,26,76,77
28,28,12,40,24,69,58,96,86
63,45,4,7,34,3,37,89,54
89,29,57,37,92
45,51,58,100,19,13,100,32,94
89,74,56,38,78
12,75,22,73,18,1
41,39,43,19,38,72,66
11,41,34,33,8,5,79,73
25,44,81,54,81,47,95,15
62,22,7,72,41,42,83
58,10,78,96,8,40,80,5,67,44
54,20,22,34,70,47
10,77,92,38,94,31,94,17,81
40,51,5,91,41,83
7,3,4,45,62,13,31,67,48,96
44,10,14,42,51,47,44,89,10
63,2,39,70,26,83,31,30,70,38
31,65,13,46,71
97,95,47,9,53
96,6,41,62,47,25,24,87,89
35,45,76,52,8,70,19,90,27
66,79,52,19,79
20,3,88,13,76,16,29,64,57
90,48,85,81,17
17,91,58,21,8,68
82,94,55,63,70,42,78,37,71,13
79,54,86,11,89,6,60
6,3,6,11,43,40,9,96
12,50,55,15,26,41,38,9,1,71
75,35,68,92,45,95,50
83,88,38,72,97,39,17,64,91,56
33,46,63,23,34,24
24,10,20,5,20,81
86,51,8,69,22
97,61,97,93,77,15,60,63,62
54,74,38,8,100,33
83,25,87,79,54,82,4
19,17,4,68,54,31,99,81,15,43
83,60,59,15,86,36,9,26,66
39,84,58,70,45,93,65,97,43
77,18,15,8,7,60,90
56,16,83,77,85,79
47,40,78,20,42,99,99
9,78,93,27,62,93
86,72,36,68,68,51,32,54,86,82
29,100,74,35,54
38,15,79,97,8,53,78,87,48
8,69,11,32,69,80,54,63,85
9,24,71,26,13
82,42,81,67,68,92,47,74,59,39
71,72,40,2,31,43,16,50
75,43,98,75,35,60,100,93,57,14
12,64,95,100,38
92,56,75,9,60,5,11,22
53,84,30,16,23,38,20,22,99
54,24,94,30,17
1,6,57,40,63,43,51
33,39,64,64,90,61,58,52
66,43,75,36,47,66
63,95,41,63,59
84,55,47,65,53
85,78,17,29,26,32
81,41,24,37,59,21,21
45,30,100,88,81,81
48,4,39,85,31,100,63,91,75,41
70,39,83,93,26,35
57,100,2,11,19,56
50,28,6,43,27,71,83,36,68
22,35,43,3,7,77
46,43,16,63,56,60,22,83,98
63,45,85,93,68,7,79
64,90,38,85,76,31,14,55,8,90
10,25,27,93,67,73,2,22
14,28,86,56,90,31,53
71,92,54,30,31,3,64,20,18,51
58,86,10,56,93,4,86,60,46
96,9,76,81,69,57,34
72,47,46,48,100,40,34,28
12,48,65,63,31,80,70,12,22,32
1,26,12,56,21,63,93,20,63,50
15,79,73,51,93,50,82,33
66,77,55,28,43
29,14,90,22,33,71
31,17,55,2,10,84
73,25,47,77,79,23,31,13
18,29,52,61,40,3
95,2,54,80,42,94,82,95
58,41,55,52,44,96,62,54,40,100
60,64,100,90,16
95,1,31,2,39,93,95,90,24
86,96,42,27,96,88,45,22,4
87,4,51,81,13,17
55,84,62,24,77,81
72,59,60,61,34
68,84,94,81,61
83,41,64,42,55,91,5,41
64,20,25,63,43,24,81,79
45,95,19,9,11,16,27,51
75,81,55,100,14,1,76,86,59
71,67,25,97,45,35,15,8,62
38,98,60,95,5,55,57,6
90,27,59,47,96,53,77,72,31
62,50,49,50,40,44
79,57,17,47,13,74,90,6
59,33,96,69,85,82
93,52,64,43,23
69,71,74,42,37,42,79,35
12,87,35,75,55,44,61,88,68,43
21,59,40,4,48,35,18,20,68
26,37,98,67,67,100,93,1
51,12,62,8,86,19,64,87,47,63
22,44,88,6,60,87,25,4,43
16,6,65,6,33
66,44,98,7,5,55,27,5,67,88
45,28,52,78,74
80,4,83,42,77,5,68
7,26,42,51,95,72,98
23,5,9,91,45,3,12,33
7,75,46,28,74,93,35,18
57,62,86,10,23,30
88,36,36,45,62,91,88
33,71,50,36,75,70
55,25,92,66,15,71,85,23
98,35,39,22,43,19,11,83,37
57,11,93,50,67,34
4,68,48,51,77,29,96,26,5,89
30,42,60,55,31,96,7
64,98,82,70,87,36,52,63,7
